louvain
(1733, [845, 211, 188, 151])
(439, [304, 54, 41, 37])
(662, [256, 94, 94, 77])
(995, [302, 191, 138, 112])
(994, [212, 329, 303, 264])
(157, [8, 77, 77, 63])
(861, [214, 252, 224, 191])
(878, [200, 227, 209, 206])
(1295, [800, 229, 162, 69])
(2313, [511, 324, 289, 284])
(337, [64, 109, 80, 57])
(2586, [1554, 260, 238, 192])
(205, [63, 75, 69, 30])
(1338, [213, 189, 187, 149])
(99, [4, 88, 78, 70])
(700, [149, 187, 185, 113])
(878, [124, 205, 198, 173])
(570, [300, 225, 20, 11])
(1014, [106, 239, 234, 213])
(1059, [747, 92, 82, 37])
(1684, [342, 171, 164, 152])
(605, [105, 265, 262, 257])
(288, [66, 135, 55, 54])
(1203, [507, 204, 194, 154])
(980, [166, 230, 216, 209])
(745, [335, 219, 188, 171])
(261, [68, 109, 102, 77])
(363, [260, 36, 22, 18])
(994, [64, 273, 263, 220])
(533, [238, 77, 44, 42])
(453, [387, 19, 15, 8])
(940, [470, 240, 84, 49])
(816, [542, 70, 63, 48])
(697, [306, 220, 127, 48])
(368, [52, 173, 166, 154])
(1196, [138, 237, 232, 203])
(637, [600, 19, 13, 12])
(995, [590, 189, 118, 94])
(640, [182, 189, 175, 167])
(194, [73, 73, 56, 32])
(511, [450, 14, 9, 7])
(756, [134, 242, 223, 184])
(846, [144, 188, 185, 179])
(749, [133, 120, 95, 94])
(1631, [1161, 244, 195, 119])
(461, [173, 157, 93, 92])
(98, [1, 96, 95, 94])
(807, [297, 155, 144, 125])
(32, [32])
(176, [18, 73, 43, 29])
(681, [553, 29, 19, 18])
(341, [16, 99, 98, 93])
(236, [107, 70, 59, 45])
(274, [170, 32, 23, 14])
(377, [95, 170, 135, 89])
(310, [64, 96, 91, 37])
(94, [19, 71, 5, 4])
(123, [56, 24, 16, 15])
(132, [24, 100, 27, 26])
(130, [19, 75, 16, 15])
(54, [0, 52, 27, 11])
(87, [56, 28, 7, 1])
(197, [8, 120, 81, 81])
(68, [67, 1])
(134, [30, 93, 54, 22])
(19, [19])
(31, [27, 3, 1])
(135, [36, 80, 22, 20])
(128, [6, 74, 54, 33])
(292, [49, 122, 120, 20])
(45, [3, 33, 26, 1])
(65, [3, 33, 25, 24])
(47, [44, 2, 2, 1])
(20, [20])
(20, [15, 4, 1])
(19, [18, 1])

kclique
(9501, [1853, 335, 266, 259])
(854, [102, 306, 277, 265])
(822, [384, 147, 147, 94])
(2869, [784, 245, 237, 235])
(608, [192, 198, 118, 60])
(449, [98, 146, 97, 56])
(488, [231, 206, 58, 22])
(581, [76, 177, 157, 152])
(63, [0, 63, 57, 53])
(1050, [692, 226, 171, 83])
(65, [62, 3, 1])
(174, [16, 136, 93, 42])
(33, [2, 29, 24, 9])
(521, [303, 50, 49, 48])
(181, [31, 79, 70, 33])
(42, [2, 40, 22, 20])
(60, [1, 58, 24, 6])
(325, [162, 98, 36, 24])
(347, [19, 224, 222, 197])
(27, [19, 8, 2])
(56, [2, 54, 2, 1])
(38, [1, 37, 30, 19])
(54, [0, 52, 26, 11])
(127, [31, 52, 47, 43])
(67, [57, 5, 3, 2])
(71, [2, 69, 12, 8])
(65, [6, 47, 12, 7])
(27, [1, 19, 9, 9])
(62, [13, 49, 5, 3])
(71, [11, 41, 33, 30])
(51, [48, 2, 1, 1])
(19, [19])
(33, [0, 32, 32, 4])
(106, [3, 72, 54, 46])
(23, [22, 1, 1, 1])
(9, [9])
(62, [61, 1, 1])
(52, [4, 48, 1])
(21, [3, 18, 14, 6])
(82, [4, 71, 46, 16])
(3, [2, 1])
(37, [36, 1])
(50, [48, 1, 1, 1])
(31, [1, 30, 30, 7])
(73, [11, 62, 36, 6])
(59, [0, 59, 59, 59])
(12, [12])
(28, [0, 25, 12, 6])
(31, [31])
(17, [17])
(3, [3])
(27, [9, 8, 7, 7])
(25, [25])
(31, [22, 7, 2, 1])
(37, [4, 32, 25, 3])
(97, [89, 4, 4, 4])
(14, [14])
(14, [1, 13, 1])
(40, [25, 12, 7, 3])
(23, [22, 1, 1])
(40, [40])
(30, [0, 30, 6, 4])
(31, [27, 4, 1])
(9, [0, 9, 3, 2])
(8, [8])
(85, [6, 38, 35, 33])
(64, [8, 52, 14, 12])
(11, [8, 2, 1, 1])
(17, [17])
(23, [1, 21, 5, 1])
(16, [0, 15, 6, 3])
(39, [39])
(25, [19, 2, 2, 1])
(9, [9])
(23, [1, 22, 5])
(30, [5, 21, 15, 12])
(4, [3, 1])
(55, [41, 13, 1])
(26, [4, 19, 16, 15])
(42, [40, 1, 1])
(3, [0, 2, 1, 1])
(40, [8, 25, 16, 12])
(4, [1, 3, 3, 3])
(37, [21, 7, 5, 4])
(23, [0, 23, 3])
(52, [3, 41, 28, 22])
(39, [0, 38, 38, 32])
(36, [1, 33, 31, 15])
(22, [19, 1, 1, 1])
(28, [6, 17, 8, 7])
(20, [19, 1])
(22, [7, 11, 6, 1])
(40, [40])
(16, [15, 1])
(9, [5, 4, 3, 1])
(32, [2, 30, 1, 1])
(12, [6, 6, 3])
(26, [26])
(5, [5])
(8, [7, 1])
(54, [1, 42, 33, 19])
(3, [3])
(4, [3, 1])
(4, [4])
(19, [19])
(4, [0, 2, 1, 1])
(9, [0, 9, 8, 6])
(7, [7])
(15, [0, 10, 9, 7])
(4, [1, 3, 2, 1])
(17, [13, 3, 2, 2])
(19, [11, 3, 2, 2])
(7, [0, 7, 6, 6])
(28, [0, 28])
(3, [1, 2, 2, 2])
(16, [2, 14, 4, 2])
(6, [1, 5])
(12, [1, 11, 6, 2])
(8, [0, 7, 5, 4])
(19, [15, 2, 1, 1])
(5, [1, 4, 3, 1])
(9, [0, 6, 4, 4])
(3, [3])
(21, [20, 1])
(4, [4])
(6, [2, 4, 2, 1])
(3, [1, 2, 1, 1])
(8, [5, 1, 1, 1])
(4, [4])
(5, [0, 5, 4, 4])
(11, [11])
(4, [0, 4, 3, 3])
(7, [4, 2, 1])
(3, [3])
(3, [0, 3, 3, 3])
(4, [4])
(9, [1, 5, 4, 3])
(3, [3])
(5, [4, 1, 1])
(10, [10])
(3, [2, 1, 1])
(3, [3])
(3, [3])
(3, [3])
(3, [1, 2])
(5, [0, 4, 4, 2])
(3, [0, 3, 3, 3])
(5, [0, 5, 5, 3])
(3, [2, 1, 1])
(3, [2, 1])
(4, [4])
(8, [1, 7, 7, 2])
(5, [0, 3, 2, 2])
(3, [3])
(3, [3])
(3, [0, 1, 1, 1])
(3, [1, 2, 2])
(4, [4])
(3, [3])
(7, [2, 5, 1])
(3, [3])
(3, [0, 2, 2, 2])
(3, [1, 1, 1, 1])
(6, [0, 6, 5, 5])
(5, [4, 1])
(3, [3])
(4, [1, 2, 2, 2])
(3, [3])
(4, [1, 2, 2, 1])
(4, [4])
(3, [1, 2, 1])
(3, [0, 3, 3, 2])
(3, [3])
(4, [0, 4, 2, 1])
(3, [3])
(3, [2, 1])
(3, [0, 3, 3, 3])
(3, [1, 1, 1, 1])
(3, [3])
(3, [3])
(3, [3])
(3, [2, 1])
(3, [3])
(3, [0, 2, 2, 1])
(3, [3])
(3, [0, 3, 1, 1])
(3, [3])
(3, [0, 2, 2, 2])
(3, [0, 3, 2, 2])
